=== Setting ===
pop_size: 100
mutation_rate: 0.01
max_generation: 1


Average fitness, Best fitness
0.2926145651662966,0.955461783722508
0.36197081115065444,1.1249600214039701


Best individual:
247, 25, 56, 264, 166, 59, 47, 254, 275, 104, 2, 116, 178, 219, 264, 27, 261, 125, 113, 293, 250, 244, 227, 215, 287, 3, 184, 91, 162, 106, 77, 63, 8, 239, 239, 282, 132, 100, 112, 162, 165, 153, 145, 201, 167, 218, 285, 170, 258, 7, 25, 190, 204, 8, 66, 47, 264, 25, 17, 88, 230, 196, 210, 176, 29, 107, 115, 107, 197, 117, 19, 30, 32, 213, 147, 118, 276, 229, 216, 99, 153, 209, 266, 194, 31, 169, 125, 74, 199, 94, 253, 54, 133, 17, 214, 143, 14, 103, 134, 7, 178, 265, 158, 172, 19, 252, 244, 178, 175, 165, 87, 70, 194, 252, 115, 153, 72, 2, 153, 286, 204, 252, 98, 44, 199, 192, 152, 66, 166, 22, 263, 29, 296, 231, 109, 289, 51, 188, 84, 158, 222, 240, 71, 17, 181, 84, 21, 185, 124, 40, 107, 66, 259, 97, 25, 62, 190, 217, 291, 284, 85, 224, 184, 2, 186, 105, 38, 150, 261, 291, 257, 97, 55, 37, 203, 288, 247, 57, 98, 279, 40, 270, 162, 223, 280, 213, 118, 190, 140, 72, 296, 216, 244, 102, 67, 168, 222, 198, 236, 158, 77, 286, 84, 180, 269, 56, 22, 196, 193, 252, 212, 76, 135, 22, 245, 193, 288, 272, 191, 129, 147, 1, 58, 176, 170, 138, 112, 41, 137, 284, 277, 281, 72, 3, 219, 152, 286, 145, 128, 110, 251, 44, 26, 105, 256, 60, 16, 267, 145, 115, 241, 242, 86, 56, 65, 148, 189, 110, 26, 180, 54, 64, 144, 92, 291, 54, 103, 216, 217, 175, 282, 177, 132, 38, 251, 77, 110, 297, 132, 195, 163, 234, 208, 208, 235, 136, 262, 198, 116, 221, 228, 103, 115, 193, 104, 80, 71, 229, 244, 

Execution time: 12.935250759124756 seconds ---