=== Setting ===
pop_size: 100
mutation_rate: 0.069
max_generation: 1000


Average fitness, Best fitness
0.2683775152690519,0.6567342995169082
0.33004514542853763,0.8510070712945954
0.36117602735902543,0.8761945705444256
0.35673776595551177,0.9335905038192094
0.3947255525476498,1.051887481302443
0.42276041105084317,1.051887481302443
0.4618668879763432,1.051887481302443
0.5051560815378154,1.051887481302443
0.5346310744082586,1.1165277072253814
0.544097740883528,1.1736427521566841
0.5443794900830415,1.1736427521566841
0.5852872869663915,1.2098858038408347
0.6033487909988661,1.2182290316036446
0.581833195176706,1.2182290316036446
0.6173671219432983,1.302016513378921
0.6537215763647617,1.363114946787041
0.6772227844277127,1.6009655196207224
0.7207477939845051,1.6009655196207224
0.784862997143842,1.6009655196207224
0.7888150667656544,1.6447054188292842
0.8161524704677875,1.6447054188292842
0.7744740823747146,1.6447054188292842
0.6998955855967561,1.6447054188292842
0.6886830193771017,1.663573450579596
0.7337601531326012,1.663573450579596
0.7046894145762502,1.663573450579596
0.7184071396107696,1.794347455505148
0.7226458272489584,1.986680030988208
0.7467178003051654,1.986680030988208
0.7626632646021432,1.986680030988208
0.8411482723421557,1.986680030988208
0.8076718908731279,2.010130574326111
0.8861885483759602,2.010130574326111
0.927511520268233,2.010130574326111
1.0086915907169418,2.010130574326111
1.0342793643025383,2.010130574326111
1.0386586456457443,2.010130574326111
1.0668840988030206,2.2971603822608126
1.0749583875363582,2.2971603822608126
1.1115362146709813,2.2971603822608126
1.1336025324081702,2.2971603822608126
1.028636658109974,2.2971603822608126
1.0012264780905085,2.2971603822608126
0.9308189443367627,2.2971603822608126
0.902292130306146,2.2971603822608126
0.8666989547364541,2.2971603822608126
0.8868143484155249,2.2971603822608126
0.9163992821867172,2.2971603822608126
0.9732132896484806,2.2971603822608126
0.9692519919737461,2.2971603822608126
0.8835743531724602,2.2971603822608126
0.9039377009604384,2.2971603822608126
0.91890519233056,2.2971603822608126
0.9433917416903607,2.2971603822608126
0.9251861902143641,2.2971603822608126
0.9234120211676969,2.2971603822608126
0.8926956135555302,2.2971603822608126
0.9111296118434287,2.2971603822608126
0.9777720872316111,2.2971603822608126
0.9685470188711531,2.2971603822608126
0.9147497102061886,2.2971603822608126
0.8669325307737832,2.2971603822608126
0.8960397753448045,2.2971603822608126
0.8935616888895719,2.2971603822608126
0.9040783164305978,2.2971603822608126
0.8996253815513705,2.2971603822608126
0.9211150835726563,2.2971603822608126
0.9767746506206696,2.2971603822608126
0.9485166288594583,2.2971603822608126
0.9559967568634472,2.2971603822608126
0.9803389943264689,2.2971603822608126
0.8930313455545301,2.2971603822608126
0.8686339581827043,2.2971603822608126
0.7725531269250026,2.2971603822608126
0.7706477783953085,2.2971603822608126
0.8123752961177373,2.2971603822608126
0.9136460820928457,2.2971603822608126
0.8921910282392846,2.2971603822608126
0.9548677545450053,2.2971603822608126
0.9355950336704294,2.2971603822608126
0.9611478630691169,2.2971603822608126
0.9665703170742226,2.2971603822608126
0.931280881146565,2.2971603822608126
0.9401859528591622,2.2971603822608126
0.9844491117616192,2.2971603822608126
1.062564903577239,2.2971603822608126
1.0146463027157326,2.2971603822608126
1.0356300767121678,2.2971603822608126
1.0384409222855384,2.3235283235283233
1.0947527907092356,2.707710057204211
1.1582039058831566,2.707710057204211
1.1416122514000249,2.707710057204211
1.1414310716844671,2.707710057204211
1.0788770018551033,2.707710057204211
1.0409688523568963,2.707710057204211
0.9885361108666588,2.707710057204211
1.078243120902214,2.707710057204211
1.1630981974090964,2.707710057204211
1.2238249104542753,2.707710057204211
1.2322032975084531,2.707710057204211
1.19986155338919,2.707710057204211
1.273844856890205,2.707710057204211
1.2445155599792972,2.707710057204211
1.2646629616386016,2.707710057204211
1.2842430216356717,2.707710057204211
1.2793062604341954,2.707710057204211
1.2813016248176703,2.707710057204211
1.214876176494802,2.7188227747900635
1.179075857945589,2.7188227747900635
1.2013731201733855,2.7188227747900635
1.2679740366497112,2.7188227747900635
1.2800035636998464,2.7188227747900635
1.4017335944764908,2.7188227747900635
1.3962090466977921,2.7188227747900635
1.4799580861101511,2.7188227747900635
1.44524643201667,2.7188227747900635
1.3552259846596866,2.7188227747900635
1.3915128600263318,2.9000531596497763
1.3695282001999565,2.9000531596497763
1.3279519667827655,2.9000531596497763
1.312947121627417,2.9000531596497763
1.285821977715308,2.9000531596497763
1.344921294075351,2.9000531596497763
1.380231058878872,2.9000531596497763
1.2699435060001492,2.9000531596497763
1.3407188158810428,2.9000531596497763
1.4499777046158122,2.9789682539682545
1.4238589236998656,2.9789682539682545
1.4293355432254078,3.196541709033667
1.4920017899406885,3.2781475141306418
1.55888133147074,3.2781475141306418
1.608715177436266,3.2781475141306418
1.6557915373768493,3.3414849017848685
1.6853541947809598,3.3414849017848685
1.629238928166978,3.3414849017848685
1.6034955364014996,3.3414849017848685
1.5887717309800187,3.3414849017848685
1.491975750044976,3.3414849017848685
1.5935086501512057,3.3414849017848685
1.6215234824443459,3.3414849017848685
1.6184104020280095,3.3414849017848685
1.6074539640547547,3.3414849017848685
1.6220541994620163,3.3414849017848685
1.6991760110207161,3.3414849017848685
1.6026991600194587,3.3414849017848685
1.6186666609388534,3.3414849017848685
1.5770823803133032,3.3414849017848685
1.5948661083378113,3.3414849017848685
1.582902161953535,3.3414849017848685
1.507306228235455,3.3414849017848685
1.4345158769697754,3.3414849017848685
1.4311746911038226,3.3414849017848685
1.4145168978868887,3.3414849017848685
1.4230061804812713,3.3414849017848685
1.395344411814978,3.3414849017848685
1.4538996284278036,3.3414849017848685
1.4124281043851235,3.3414849017848685
1.3170773256841952,3.3414849017848685
1.4626397346344422,3.3414849017848685
1.4824852059540239,3.3414849017848685
1.5245128128212517,3.3414849017848685
1.5431169206388071,3.3414849017848685
1.469617817713845,3.3414849017848685
1.553799346293182,3.3414849017848685
1.4745258619516166,3.3414849017848685
1.3756791670618984,3.3414849017848685
1.3182348353591729,3.3414849017848685
1.3148504296788273,3.3414849017848685
1.2858632054607204,3.3414849017848685
1.3809916708109489,3.3414849017848685
1.351971597912124,3.3414849017848685
1.3247616527537114,3.3414849017848685
1.3550953465801396,3.3414849017848685
1.351992535320894,3.3414849017848685
1.442938901755615,3.3414849017848685
1.5484587862469519,3.3414849017848685
1.515600536594556,3.3414849017848685
1.5347054535813711,3.3414849017848685
1.5657156424334169,3.3414849017848685
1.4793656729712166,3.3414849017848685
1.5598910250651536,3.3414849017848685
1.4566853691024662,3.3414849017848685
1.4408907931233115,3.3414849017848685
1.5802299986082682,3.3414849017848685
1.6593404758676364,3.3414849017848685
1.5032741473685363,3.3414849017848685
1.5382916145083343,3.3414849017848685
1.503913790908875,3.3414849017848685
1.4440385306764907,3.3414849017848685
1.395997255006864,3.3414849017848685
1.3642772130494254,3.3414849017848685
1.2832510049008743,3.3414849017848685
1.2443835420057223,3.3414849017848685
1.1731347526100466,3.3414849017848685
1.190318684281567,3.3414849017848685
1.0915724509583162,3.3414849017848685
1.1011634998463322,3.3414849017848685
1.0950594440330412,3.3414849017848685
1.216619581720873,3.3414849017848685
1.305859736989411,3.3414849017848685
1.2849037427645633,3.3414849017848685
1.287768891054213,3.3414849017848685
1.2071639228037605,3.3414849017848685
1.1850495574951636,3.3414849017848685
1.2873299681312724,3.3414849017848685
1.252192660004354,3.3414849017848685
1.2795928339279723,3.3414849017848685
1.1926822230215968,3.3414849017848685
1.1589396771573055,3.3414849017848685
1.1384398238379074,3.3414849017848685
1.2828295063888697,3.3414849017848685
1.2846812398854057,3.3414849017848685
1.3975729679413578,3.3414849017848685
1.4985769938318256,3.3414849017848685
1.4715543429974622,3.3414849017848685
1.4266565510480342,3.3414849017848685
1.4974998311504129,3.3414849017848685
1.4697868264486216,3.3414849017848685
1.3482811784760227,3.3414849017848685
1.4561634098365632,3.3414849017848685
1.4095274548297088,3.3414849017848685
1.440083087854311,3.3414849017848685
1.573377174224165,3.3414849017848685
1.5831505398211698,3.3414849017848685
1.5849668888601758,3.3414849017848685
1.4908259449849717,3.3414849017848685
1.5098749557482645,3.3414849017848685
1.5825990659224687,3.3414849017848685
1.4794668347923812,3.3414849017848685
1.4516754799100746,3.3414849017848685
1.5038152881813442,3.3414849017848685
1.4500866798973715,3.3414849017848685
1.458654804795654,3.3414849017848685
1.560376417673202,3.3414849017848685
1.5538467916106478,3.3414849017848685
1.5009101635601194,3.3414849017848685
1.5218136841948149,3.3414849017848685
1.5541433680091017,3.3414849017848685
1.4920236281226176,3.3414849017848685
1.484776223303844,3.3414849017848685
1.4684723495297909,3.3414849017848685
1.5096295682903067,3.3414849017848685
1.488160572845081,3.3414849017848685
1.4730520721235738,3.3414849017848685
1.5089921284993375,3.3414849017848685
1.5932754527687882,3.3414849017848685
1.3725383171029504,3.3414849017848685
1.3761108138540297,3.3414849017848685
1.3272073000863631,3.3414849017848685
1.2632458651199292,3.3414849017848685
1.3175731206292907,3.3414849017848685
1.3143491817722626,3.3414849017848685
1.3529324562291307,3.3414849017848685
1.3722775158518334,3.3414849017848685
1.349226548437199,3.3414849017848685
1.3520567914272248,3.3414849017848685
1.2699979764449871,3.3414849017848685
1.2388904066138657,3.3414849017848685
1.206851462310679,3.3414849017848685
1.1660146287362818,3.3414849017848685
1.1412509228205472,3.3414849017848685
1.1578463703111515,3.3414849017848685
1.2503723546551588,3.3414849017848685
1.2236886501549014,3.3414849017848685
1.1638890695824644,3.3414849017848685
1.1293127545838806,3.3414849017848685
1.321559479231847,3.3414849017848685
1.3679241913155515,3.3414849017848685
1.2712665905555818,3.3414849017848685
1.2485594189863536,3.3414849017848685
1.0988522422984763,3.3414849017848685
1.1451711402773448,3.3414849017848685
1.152424921235907,3.3414849017848685
1.1326277183248479,3.3414849017848685
1.1782702129676934,3.3414849017848685
1.180759567030401,3.3414849017848685
1.2346156658610372,3.3414849017848685
1.2560675872413212,3.3414849017848685
1.2995003159105667,3.3414849017848685
1.175437540220508,3.3414849017848685
1.156778852407102,3.3414849017848685
1.195768147244537,3.3414849017848685
1.2569161366837966,3.3414849017848685
1.2366840049739605,3.3414849017848685
1.2311001593198392,3.3414849017848685
1.231383883662968,3.3414849017848685
1.31457485343983,3.3414849017848685
1.2832388672621335,3.3414849017848685
1.2752406483960028,3.3414849017848685
1.373988662021536,3.3414849017848685
1.4005362553685377,3.3414849017848685
1.4293873347346167,3.3414849017848685
1.3062255072579356,3.3414849017848685
1.3170477433523646,3.3414849017848685
1.2149656400638436,3.3414849017848685
1.262292098348886,3.3414849017848685
1.2457190204557331,3.3414849017848685
1.2672493573588535,3.3414849017848685
1.3510929231102553,3.3414849017848685
1.2873030239493852,3.3414849017848685
1.2710787846512313,3.3414849017848685
1.24631039567865,3.3414849017848685
1.253786589540868,3.3414849017848685
1.2966667935261387,3.3414849017848685
1.3049276436633435,3.3414849017848685
1.2386071573955142,3.3414849017848685
1.2383261971785022,3.3414849017848685
1.2696197714389776,3.3414849017848685
1.2717962842788864,3.3414849017848685
1.200477613120695,3.3414849017848685
1.2535211904290915,3.3414849017848685
1.3488045223698464,3.3414849017848685
1.3042980137315083,3.3414849017848685
1.3057099298797927,3.3414849017848685
1.2774783175756765,3.3414849017848685
1.3236924509007346,3.3414849017848685
1.322272046597604,3.3414849017848685
1.3851350979463712,3.3414849017848685
1.4095857328959738,3.3414849017848685
1.336066332261264,3.3414849017848685
1.3766563726530645,3.3414849017848685
1.3719586221368965,3.3414849017848685
1.2793561335716128,3.3414849017848685
1.257536103869553,3.3414849017848685
1.3329677558096156,3.3414849017848685
1.3557290360456067,3.3414849017848685
1.4066027213382073,3.3414849017848685
1.493742049374678,3.3414849017848685
1.4060757284986578,3.3414849017848685
1.3700007787876647,3.3414849017848685
1.363838481584156,3.3414849017848685
1.256061809822689,3.3414849017848685
1.2590659403557947,3.3414849017848685
1.4709380382829746,3.3414849017848685
1.3981744697919638,3.3414849017848685
1.5057003783558627,3.3414849017848685
1.544166353311616,3.3414849017848685
1.538317395598257,3.3414849017848685
1.560081463079873,3.3414849017848685
1.6489961705812446,3.3414849017848685
1.5658239945855246,3.3414849017848685
1.5464718288113724,3.3414849017848685
1.452382659419664,3.3414849017848685
1.399477909400877,3.3414849017848685
1.322712370089504,3.3414849017848685
1.3538633628355006,3.3414849017848685
1.3512725306935016,3.3414849017848685
1.3335725295783232,3.3414849017848685
1.243338756995496,3.3414849017848685
1.280094488662763,3.3414849017848685
1.3286588247976496,3.3414849017848685
1.2935778961634394,3.3414849017848685
1.38311869383947,3.3414849017848685
1.371644098114869,3.3414849017848685
1.3863162932834479,3.3414849017848685
1.3466115014044815,3.3414849017848685
1.3498936696688348,3.3414849017848685
1.2612039041398804,3.3414849017848685
1.1987391078675744,3.3414849017848685
1.2650574346056322,3.3414849017848685
1.208872193486802,3.3414849017848685
1.218465289224891,3.3414849017848685
1.211584833055802,3.3414849017848685
1.2195902343978502,3.3414849017848685
1.215781739693717,3.3414849017848685
1.1873123589196313,3.3414849017848685
1.239327876646471,3.3414849017848685
1.1813035130129177,3.3414849017848685
1.1537179164688927,3.3414849017848685
1.1047327057952532,3.3414849017848685
1.084534850682675,3.3414849017848685
1.151658737772358,3.3414849017848685
1.1525844225122799,3.3414849017848685
1.1814122379791656,3.3414849017848685
1.1153769851373838,3.3414849017848685
1.1175608516214128,3.3414849017848685
1.113178498798373,3.3414849017848685
1.1705849068215586,3.3414849017848685
1.1176579706152605,3.3414849017848685
1.2022108087819396,3.3414849017848685
1.2086301645367024,3.3414849017848685
1.1794923749718056,3.3414849017848685
1.1395532554553696,3.3414849017848685
1.139901787348308,3.3414849017848685
1.1762344015474788,3.3414849017848685
1.154590104421397,3.3414849017848685
1.145919263868371,3.3414849017848685
1.0714352777669678,3.3414849017848685
1.1052984211597123,3.3414849017848685
1.1290768196169507,3.3414849017848685
1.1309394477547143,3.3414849017848685
1.1641746839080491,3.3414849017848685
1.1347553199771898,3.3414849017848685
1.196478909953587,3.3414849017848685
1.252297589812791,3.3414849017848685
1.2658834691088947,3.3414849017848685
1.2467574653573863,3.3414849017848685
1.3238974261250018,3.3414849017848685
1.2371976478034428,3.3414849017848685
1.1770829751747645,3.3414849017848685
1.1508155992281457,3.3414849017848685
1.1989704512682224,3.3414849017848685
1.254285900847731,3.3414849017848685
1.3105064001534914,3.3414849017848685
1.3013953713339412,3.3414849017848685
1.3377175482060184,3.3414849017848685
1.3387098381472908,3.3414849017848685
1.323614103733484,3.3414849017848685
1.3115901416969007,3.3414849017848685
1.2806065798369324,3.3414849017848685
1.1476262697409545,3.3414849017848685
1.2201557280433608,3.3414849017848685
1.3303020511428212,3.3414849017848685
1.2514297175689209,3.3414849017848685
1.2295758875947465,3.3414849017848685
1.2155055802745496,3.3414849017848685
1.1924299561643945,3.3414849017848685
1.2164034106954003,3.3414849017848685
1.139204127977285,3.3414849017848685
1.2658908034778917,3.3414849017848685
1.2785615152148402,3.3414849017848685
1.3318626254942283,3.3414849017848685
1.3604790616571438,3.3414849017848685
1.378504015724305,3.3414849017848685
1.2739264509695096,3.3414849017848685
1.2542630502492056,3.3414849017848685
1.1376486410049833,3.3414849017848685
1.1393116370315142,3.3414849017848685
1.2091646722055054,3.3414849017848685
1.2055385932693132,3.3414849017848685
1.2253541547548177,3.3414849017848685
1.2245492798097153,3.3414849017848685
1.214614582516464,3.3414849017848685
1.220816235828719,3.3414849017848685
1.2837601061140853,3.3414849017848685
1.3154087479857564,3.3414849017848685
1.25328032517727,3.3414849017848685
1.323894163444078,3.3414849017848685
1.2863318823995828,3.3414849017848685
1.2152648472099499,3.3414849017848685
1.2025181508972473,3.3414849017848685
1.2676051191831474,3.3414849017848685
1.1600510276774074,3.3414849017848685
1.1789954524597483,3.3414849017848685
1.1914799082366923,3.3414849017848685
1.2196262573959233,3.3414849017848685
1.1437498608577372,3.3414849017848685
1.1461886872703624,3.3414849017848685
1.1437509809839816,3.3414849017848685
1.1571617038309079,3.3414849017848685
1.1309381617887846,3.3414849017848685
1.2259859768897274,3.3414849017848685
1.2163203297380363,3.3414849017848685
1.1782132909613947,3.3414849017848685
1.1939425035924076,3.3414849017848685
1.1623858535369018,3.3414849017848685
1.1964747529064688,3.3414849017848685
1.2578104164298667,3.3414849017848685
1.2501409338861211,3.3414849017848685
1.2294833766400033,3.3414849017848685
1.2120804696143883,3.3414849017848685
1.21455942968025,3.3414849017848685
1.1865189635716424,3.3414849017848685
1.148852391558709,3.3414849017848685
1.1966525366919583,3.3414849017848685
1.168204049958186,3.3414849017848685
1.1848630301459666,3.3414849017848685
1.1646819336265934,3.3414849017848685
1.1600501133785632,3.3414849017848685
1.1815709375885763,3.3414849017848685
1.1869289859990027,3.3414849017848685
1.2323102495211788,3.3414849017848685
1.1927478550990693,3.3414849017848685
1.2129165896296135,3.3414849017848685
1.170936114302983,3.3414849017848685
1.1528677879141582,3.3414849017848685
1.099501596011818,3.3414849017848685
1.1975904459677738,3.3414849017848685
1.1854399363898807,3.3414849017848685
1.240071438065623,3.3414849017848685
1.223587822236748,3.3414849017848685
1.214331724782879,3.3414849017848685
1.2464445042725087,3.3414849017848685
1.128590785728712,3.3414849017848685
1.114921488317608,3.3414849017848685
1.082625594888096,3.3414849017848685
1.1283628441984024,3.3414849017848685
1.2176772059497227,3.3414849017848685
1.1308929953213418,3.3414849017848685
1.0977354769575816,3.3414849017848685
1.0873355611289337,3.3414849017848685
1.1750320325689114,3.3414849017848685
1.1117398818645994,3.3414849017848685
1.123997293602592,3.3414849017848685
1.086257923921337,3.3414849017848685
1.1905289698662873,3.3414849017848685
1.1573372470058938,3.3414849017848685
1.224288657902564,3.3414849017848685
1.158243042168564,3.3414849017848685
1.2185856523321836,3.3414849017848685
1.2766932187520141,3.3414849017848685
1.3249384198921061,3.3414849017848685
1.314898708625555,3.3414849017848685
1.3589547114762084,3.3414849017848685
1.3531499282946085,3.3414849017848685
1.2201895430153118,3.3414849017848685
1.2615985778828231,3.3414849017848685
1.3259402443103738,3.3414849017848685
1.3227105514624768,3.3414849017848685
1.2618820411667782,3.3414849017848685
1.307072802807332,3.3414849017848685
1.3296246218931413,3.3414849017848685
1.2794894824427476,3.3414849017848685
1.295884236497986,3.3414849017848685
1.387856403304162,3.3414849017848685
1.399118643619339,3.3414849017848685
1.340550901360987,3.3414849017848685
1.2285307793132005,3.3414849017848685
1.2410600770377251,3.3414849017848685
1.2232904019911333,3.3414849017848685
1.322975936387389,3.3414849017848685
1.3429799812691245,3.3414849017848685
1.3294086096575495,3.3414849017848685
1.3068654181046464,3.3414849017848685
1.2724944390599777,3.3414849017848685
1.4036487733721257,3.3414849017848685
1.4474121845417611,3.3414849017848685
1.4247514004096848,3.3414849017848685
1.3718841594656979,3.3414849017848685
1.2562001311868267,3.3414849017848685
1.311474048858098,3.3414849017848685
1.2091606192349516,3.3414849017848685
1.2502228523895658,3.3414849017848685
1.173865071811495,3.3414849017848685
1.2191833474263576,3.3414849017848685
1.2299121010931477,3.3414849017848685
1.3479175407875932,3.3414849017848685
1.308599516619185,3.3414849017848685
1.2427161788349226,3.3414849017848685
1.2750894014377436,3.3414849017848685
1.1976860705486219,3.3414849017848685
1.2632604071287568,3.3414849017848685
1.2222550517334394,3.3414849017848685
1.2994243928409472,3.3414849017848685
1.2219874191004347,3.3414849017848685
1.1552617825515594,3.3414849017848685
1.247180419716834,3.3414849017848685
1.2390337911979576,3.3414849017848685
1.1963560024443047,3.3414849017848685
1.2525525150068468,3.3414849017848685
1.2751578891553115,3.3414849017848685
1.26490775761648,3.3414849017848685
1.3670432227306435,3.3414849017848685
1.313053232819,3.3414849017848685
1.2809348124054203,3.3414849017848685
1.2375576378252482,3.3414849017848685
1.169631625300474,3.3414849017848685
1.1905936198007407,3.3414849017848685
1.206006543928383,3.3414849017848685
1.169496068325993,3.3414849017848685
1.2139501876450727,3.3414849017848685
1.2985851328141989,3.3414849017848685
1.3147295965608123,3.3414849017848685
1.3640149931155978,3.3414849017848685
1.2668836713165446,3.3414849017848685
1.2436249435970566,3.3414849017848685
1.3911193799762023,3.3414849017848685
1.3193339909286446,3.3414849017848685
1.2767323179559917,3.3414849017848685
1.2727110481067703,3.3414849017848685
1.2258439312774692,3.3414849017848685
1.2442367414403943,3.3414849017848685
1.2820340758420814,3.3414849017848685
1.2559109924953822,3.3414849017848685
1.2734003362692081,3.3414849017848685
1.226097941109475,3.3414849017848685
1.3721174184033222,3.3414849017848685
1.3025476645408216,3.3414849017848685
1.35610907795323,3.3414849017848685
1.353296173146399,3.3414849017848685
1.3562079405412766,3.3414849017848685
1.2686144233026087,3.3414849017848685
1.2332754004782895,3.3414849017848685
1.3257912577123232,3.3414849017848685
1.399355498490407,3.3414849017848685
1.3127558501617684,3.3414849017848685
1.2648911757522157,3.3414849017848685
1.3569199431439447,3.3414849017848685
1.3037262735356139,3.3414849017848685
1.3113856287223755,3.3414849017848685
1.3747098726570983,3.3414849017848685
1.3686821625345058,3.3414849017848685
1.2191301495979088,3.3414849017848685
1.3006847998167257,3.3414849017848685
1.2524018921778928,3.3414849017848685
1.1910245006051225,3.3414849017848685
1.15043888031687,3.3414849017848685
1.1450903686879452,3.3414849017848685
1.1828001019294512,3.3414849017848685
1.260602510056667,3.3414849017848685
1.2613909017067388,3.3414849017848685
1.2320259496244135,3.3414849017848685
1.2447881555915368,3.3414849017848685
1.201574430318037,3.3414849017848685
1.2310222234999053,3.3414849017848685
1.2087264400215023,3.3414849017848685
1.1967855762957442,3.3414849017848685
1.1315958218753814,3.3414849017848685
1.1577698350216084,3.3414849017848685
1.2277300502175867,3.3414849017848685
1.157749298094585,3.3414849017848685
1.2516203584248473,3.3414849017848685
1.3141308346352665,3.3414849017848685
1.294755644228373,3.3414849017848685
1.3414792873080004,3.3414849017848685
1.2346023127319194,3.3414849017848685
1.2102876725922036,3.3414849017848685
1.2390238797647415,3.3414849017848685
1.2314514595007453,3.3414849017848685
1.3136853561446085,3.3414849017848685
1.2768228775101194,3.3414849017848685
1.361297147614868,3.3414849017848685
1.3743763664376736,3.3414849017848685
1.3448260636281864,3.3414849017848685
1.303715691877899,3.3414849017848685
1.2966941526536562,3.3414849017848685
1.3491812609738683,3.3414849017848685
1.3715815591848084,3.3414849017848685
1.3978460305499811,3.3414849017848685
1.3082372962629076,3.3414849017848685
1.3426176902841096,3.3414849017848685
1.2814161242077484,3.3414849017848685
1.2472910652919234,3.3414849017848685
1.260865888788569,3.3414849017848685
1.2105442307760637,3.3414849017848685
1.336178983429694,3.3414849017848685
1.3555315921835551,3.3414849017848685
1.2952939380478652,3.3414849017848685
1.2960003498630375,3.3414849017848685
1.3278330514711405,3.3414849017848685
1.1773850776706525,3.3414849017848685
1.2570506961444394,3.3414849017848685
1.2429957535858442,3.3414849017848685
1.2193148448767976,3.3414849017848685
1.3074070072738444,3.3414849017848685
1.2858424858213855,3.3414849017848685
1.238019222424302,3.3414849017848685
1.2715487416641416,3.3414849017848685
1.2107465092953553,3.3414849017848685
1.2211156622934407,3.3414849017848685
1.2271952242187454,3.3414849017848685
1.3061491202506728,3.3414849017848685
1.2144789864316585,3.3414849017848685
1.2702858998916753,3.3414849017848685
1.1397076894593505,3.3414849017848685
1.1559031255317374,3.3414849017848685
1.1917937665977885,3.3414849017848685
1.2421546278612086,3.3414849017848685
1.237645767460206,3.3414849017848685
1.239324772290959,3.3414849017848685
1.2009751731269716,3.3414849017848685
1.258826853989047,3.3414849017848685
1.2417453580552396,3.3414849017848685
1.1467902160135923,3.3414849017848685
1.0805712582868054,3.3414849017848685
1.0760001875783136,3.3414849017848685
1.1132449688857131,3.3414849017848685
1.1338973019294507,3.3414849017848685
1.029759831937052,3.3414849017848685
1.122963471749096,3.3414849017848685
1.147054958154482,3.3414849017848685
1.1245612971646053,3.3414849017848685
1.1313241446924287,3.3414849017848685
1.108926162798293,3.3414849017848685
1.2169314308948098,3.3414849017848685
1.3540373237206822,3.3414849017848685
1.347834553806078,3.3414849017848685
1.327842322700841,3.3414849017848685
1.4205367748072577,3.3414849017848685
1.355004306886891,3.3414849017848685
1.3707494988171902,3.3414849017848685
1.325768122290116,3.3414849017848685
1.3064654639658349,3.3414849017848685
1.290950593454249,3.3414849017848685
1.206951756357467,3.3414849017848685
1.2149503265357213,3.3414849017848685
1.1913170707510181,3.3414849017848685
1.1969744765014234,3.3414849017848685
1.2666915953115256,3.3414849017848685
1.2015425290187236,3.3414849017848685
1.2388018548960735,3.3414849017848685
1.2843272121988931,3.3414849017848685
1.313211469979843,3.3414849017848685
1.3380954546936688,3.3414849017848685
1.3590890752477234,3.3414849017848685
1.354614117886813,3.3414849017848685
1.3965627415749653,3.3414849017848685
1.4404248968306677,3.3414849017848685
1.4678729130649792,3.3414849017848685
1.4054594622547825,3.3414849017848685
1.3344927966207283,3.3414849017848685
1.2600615878365709,3.3414849017848685
1.2350114538408234,3.3414849017848685
1.2630277668706615,3.3414849017848685
1.268373070326379,3.3414849017848685
1.2973230426511881,3.3414849017848685
1.268453059809123,3.3414849017848685
1.2365920451574681,3.3414849017848685
1.2805753988734532,3.3414849017848685
1.2861645921608065,3.3414849017848685
1.1510410833796316,3.3414849017848685
1.1746631457067338,3.3414849017848685
1.1951131181407577,3.3414849017848685
1.1688867812852033,3.3414849017848685
1.1917091640290005,3.3414849017848685
1.2105139617208391,3.3414849017848685
1.2173265010005723,3.3414849017848685
1.1376858745019598,3.3414849017848685
1.1798649817273965,3.3414849017848685
1.2138297624931031,3.3414849017848685
1.2216326877787689,3.3414849017848685
1.1909792219023119,3.3414849017848685
1.131111200497965,3.3414849017848685
1.163699606141008,3.3414849017848685
1.0853269733083242,3.3414849017848685
1.1053300914262139,3.3414849017848685
1.0508948848823867,3.3414849017848685
1.2039309186397913,3.3414849017848685
1.2879291806355675,3.3414849017848685
1.2128506309150149,3.3414849017848685
1.2515755962769344,3.3414849017848685
1.2203446993707947,3.3414849017848685
1.2494999759463454,3.3414849017848685
1.321623781441024,3.3414849017848685
1.1936889627370155,3.3414849017848685
1.1994127013933487,3.3414849017848685
1.172139235407397,3.3414849017848685
1.075223364986435,3.3414849017848685
1.020984469724388,3.3414849017848685
1.1228440364332202,3.3414849017848685
1.1834563601450534,3.3414849017848685
1.144337909474969,3.3414849017848685
1.2011431373270804,3.3414849017848685
1.1729277603474029,3.3414849017848685
1.1923265395824236,3.3414849017848685
1.1255227933698704,3.3414849017848685
1.151778334227147,3.3414849017848685
1.1398284689683662,3.3414849017848685
1.14881865741954,3.3414849017848685
1.1033887358232155,3.3414849017848685
1.121795154689776,3.3414849017848685
1.1550254684537336,3.3414849017848685
1.1841835066298652,3.3414849017848685
1.1275755288666438,3.3414849017848685
1.1405510812558235,3.3414849017848685
1.1959187098422235,3.3414849017848685
1.2715102397581315,3.3414849017848685
1.2215293943652297,3.3414849017848685
1.2561078039369482,3.3414849017848685
1.237843309437163,3.3414849017848685
1.2653779964586536,3.3414849017848685
1.2456294605278915,3.3414849017848685
1.2414669634251643,3.3414849017848685
1.3180264044227592,3.3414849017848685
1.280153358468402,3.3414849017848685
1.2905091778698579,3.3414849017848685
1.2453618244282911,3.3414849017848685
1.275190429354693,3.3414849017848685
1.245688184690821,3.3414849017848685
1.221271203074767,3.3414849017848685
1.2631376372406857,3.3414849017848685
1.2934655370809125,3.3414849017848685
1.2973995886327745,3.3414849017848685
1.1910339726993004,3.3414849017848685
1.1544185396167146,3.3414849017848685
1.1140133931277563,3.3414849017848685
1.1059784668105004,3.3414849017848685
1.1493531793136968,3.3414849017848685
1.1378891065439283,3.3414849017848685
1.1560407451882275,3.3414849017848685
1.1817976791522793,3.3414849017848685
1.1453755936095715,3.3414849017848685
1.2231097834067512,3.3414849017848685
1.1558846772153881,3.3414849017848685
1.2130924718440481,3.3414849017848685
1.1838322233220755,3.3414849017848685
1.2211566712108661,3.3414849017848685
1.2507077206577881,3.3414849017848685
1.2266976073344726,3.3414849017848685
1.1534528156413337,3.3414849017848685
1.109164882647755,3.3414849017848685
1.2378589304940342,3.3414849017848685
1.2833270127817942,3.3414849017848685
1.1947652562443427,3.3414849017848685
1.1133746697012068,3.3414849017848685
1.2653574368094898,3.3414849017848685
1.325259711106979,3.3414849017848685
1.2708381451323538,3.3414849017848685
1.2859053426218043,3.3414849017848685
1.3347841202790642,3.3414849017848685
1.2835332931111938,3.3414849017848685
1.26265387460652,3.3414849017848685
1.2172575601333107,3.3414849017848685
1.2919047299033344,3.3414849017848685
1.3735822181701678,3.3414849017848685
1.4152279560734065,3.3414849017848685
1.4134759912055876,3.3414849017848685
1.3432605087312623,3.3414849017848685
1.3593622898225979,3.3414849017848685
1.3522079307235524,3.3414849017848685
1.3715948533768454,3.3414849017848685
1.401715017144312,3.3414849017848685
1.443922239534619,3.3414849017848685
1.435349260141165,3.3414849017848685
1.3537403566032615,3.3414849017848685
1.345232433270878,3.3414849017848685
1.266711734135654,3.3414849017848685
1.2660609271808887,3.3414849017848685
1.3616432860083187,3.3414849017848685
1.3266295451386256,3.3414849017848685
1.2624193542778985,3.3414849017848685
1.2070095728126808,3.3414849017848685
1.119797470240237,3.3414849017848685
1.0737771836968661,3.3414849017848685
1.0395419634340994,3.3414849017848685
1.0225193960750607,3.3414849017848685
1.1036802404647004,3.3414849017848685
1.1183011129971652,3.3414849017848685
1.1017659958561306,3.3414849017848685
1.169779772281779,3.3414849017848685
1.2212278923943458,3.3414849017848685
1.1974463672944484,3.3414849017848685
1.1896057601300787,3.3414849017848685
1.2184496191731853,3.3414849017848685
1.2636838149174558,3.3414849017848685
1.3631318833405484,3.3414849017848685
1.414278783446694,3.3414849017848685
1.3684698969633609,3.3414849017848685
1.3029896408682138,3.3414849017848685
1.2318058249380512,3.3414849017848685
1.1957499251002615,3.3414849017848685
1.2463478973634072,3.3414849017848685
1.2025027544383682,3.3414849017848685
1.1859650751942141,3.3414849017848685
1.1535596446300185,3.3414849017848685
1.2010423793286575,3.3414849017848685
1.2786835027666912,3.3414849017848685
1.288579046979105,3.3414849017848685
1.2767202092317362,3.3414849017848685
1.258936760755492,3.3414849017848685
1.2060678911850444,3.3414849017848685
1.2994687036980732,3.3414849017848685
1.2899385631933569,3.3414849017848685
1.2646573779271915,3.3414849017848685
1.2856795165564987,3.3414849017848685
1.2754136659377178,3.3414849017848685
1.2783654335335803,3.3414849017848685
1.360959940966067,3.3414849017848685
1.362051437853514,3.3414849017848685
1.3366149669341967,3.3414849017848685
1.2611558733777815,3.3414849017848685
1.2343718982145762,3.3414849017848685
1.2239166240713997,3.3414849017848685
1.2974252534287853,3.3414849017848685
1.1577810324858053,3.3414849017848685
1.105609663606523,3.3414849017848685
1.1748452452316023,3.3414849017848685
1.2550090473927769,3.3414849017848685
1.3052634718554277,3.3414849017848685
1.3114343635465076,3.3414849017848685
1.3219568503720855,3.3414849017848685
1.4099339883906934,3.3414849017848685
1.362975011768358,3.3414849017848685
1.4433956025408088,3.3414849017848685
1.3545962578478505,3.3414849017848685
1.3636359803275153,3.3414849017848685
1.4392308736220898,3.3414849017848685
1.4768152943434143,3.3414849017848685
1.3841798937300465,3.3414849017848685
1.3721641241282456,3.3414849017848685
1.4400937997143388,3.3414849017848685
1.4714631812083698,3.3414849017848685
1.4335167017453239,3.3414849017848685
1.321293706822302,3.3414849017848685
1.3991252366077982,3.3414849017848685
1.3216716150812748,3.3414849017848685
1.338916660123555,3.3414849017848685
1.3599100418718968,3.3414849017848685
1.2524784177200043,3.3414849017848685
1.3400475294464982,3.3414849017848685
1.289997382228875,3.3414849017848685
1.3858443316496325,3.3414849017848685
1.3697707473192415,3.3414849017848685
1.3599301360463534,3.3414849017848685
1.3032377215081983,3.3414849017848685
1.37082884453393,3.3414849017848685
1.3117269679468335,3.3414849017848685
1.2907441627127552,3.3414849017848685
1.2601422058058096,3.3414849017848685
1.2571428648548664,3.3414849017848685
1.3326255949137624,3.3414849017848685
1.234908171858668,3.3414849017848685
1.348000724268718,3.3414849017848685
1.4066161981291616,3.3414849017848685
1.3390066760085713,3.3414849017848685
1.2553197692444333,3.3414849017848685
1.3589497780064306,3.3414849017848685
1.365780224686321,3.3414849017848685
1.320302943073176,3.3414849017848685
1.2067717877672341,3.3414849017848685
1.207291735208282,3.3414849017848685
1.1174692703898663,3.3414849017848685
1.1829589220018473,3.3414849017848685
1.2011283721868375,3.3414849017848685
1.2187394668710159,3.3414849017848685
1.2775714076582165,3.3414849017848685
1.295937812024125,3.3414849017848685
1.2464540163476188,3.3414849017848685
1.319950339220212,3.3414849017848685
1.3330154702159858,3.3414849017848685
1.295003001097868,3.3414849017848685
1.311972230031463,3.3414849017848685
1.3207425700138609,3.3414849017848685
1.367430617162439,3.3414849017848685
1.360268497670833,3.3414849017848685
1.3882269063852493,3.3414849017848685
1.3272578160955646,3.3414849017848685
1.321558690169953,3.3414849017848685
1.2218161456775802,3.3414849017848685
1.2701506624420353,3.3414849017848685
1.3490696826114796,3.3414849017848685
1.2735467772596205,3.3414849017848685
1.324107756778848,3.3414849017848685
1.2973624850029204,3.3414849017848685
1.3083993722535903,3.3414849017848685
1.3148215269981114,3.3414849017848685
1.308123202780298,3.3414849017848685
1.2390913519083495,3.3414849017848685
1.2583359760600343,3.3414849017848685
1.341783811826117,3.3414849017848685
1.3333474301273278,3.3414849017848685
1.2386957058886732,3.3414849017848685
1.2328906055761701,3.3414849017848685
1.2922073415803328,3.3414849017848685
1.395942135799631,3.3414849017848685
1.3593673486836633,3.3414849017848685
1.3117507315570176,3.3414849017848685
1.2198405093020677,3.3414849017848685
1.2533660886304272,3.3414849017848685
1.2636189326024378,3.3414849017848685
1.2319375563471364,3.3414849017848685
1.2345766063517047,3.3414849017848685
1.1747958533749838,3.3414849017848685
1.172608341037799,3.3414849017848685
1.0633513005973427,3.3414849017848685
1.074522246809741,3.3414849017848685
1.160181531066139,3.3414849017848685
1.100395559486647,3.3414849017848685
1.194907029159326,3.3414849017848685
1.277942432382021,3.3414849017848685
1.317409759171842,3.3414849017848685
1.342767642146107,3.3414849017848685
1.1731709424578454,3.3414849017848685
1.1955006435196909,3.3414849017848685
1.212653327909323,3.3414849017848685
1.257637287090168,3.3414849017848685
1.2793085455616333,3.3414849017848685
1.2647608853483252,3.3414849017848685
1.1908450127772816,3.3414849017848685
1.1109405560356707,3.3414849017848685
1.2750946570856458,3.3414849017848685
1.2858290399026169,3.3414849017848685
1.2962749737327945,3.3414849017848685
1.2316192565630346,3.3414849017848685
1.2638508668482538,3.3414849017848685
1.320880167452052,3.3414849017848685
1.3012597459923014,3.3414849017848685
1.263238438663261,3.3414849017848685
1.2564383162464043,3.3414849017848685
1.4091174692930082,3.3414849017848685
1.444402347022065,3.3414849017848685
1.4461281765351746,3.3414849017848685
1.3458908707755897,3.3414849017848685
1.3142810018006912,3.3414849017848685
1.3766119080139219,3.3414849017848685
1.4082032724101614,3.3414849017848685
1.375467909868597,3.3414849017848685
1.3240102647041456,3.3414849017848685
1.306264836433318,3.3414849017848685
1.2824150606154334,3.3414849017848685
1.2651772701389725,3.3414849017848685
1.286663715302897,3.3414849017848685
1.2408321516581062,3.3414849017848685
1.19056123345777,3.3414849017848685
1.1031649331735647,3.3414849017848685
1.1805398580283342,3.3414849017848685
1.209213920275134,3.3414849017848685
1.2929625394875117,3.3414849017848685
1.2930197171614042,3.3414849017848685
1.2237949749281287,3.3414849017848685
1.250710776241309,3.3414849017848685


Best individual:
26, 139, 119, 286, 59, 83, 121, 63, 221, 28, 284, 255, 53, 5, 254, 229, 283, 166, 270, 19, 252, 101, 173, 227, 226, 296, 187, 179, 176, 89, 123, 177, 266, 264, 169, 262, 10, 137, 186, 180, 70, 87, 254, 274, 241, 187, 152, 258, 189, 90, 61, 279, 30, 111, 293, 242, 146, 12, 40, 159, 207, 222, 117, 278, 120, 127, 262, 221, 26, 279, 29, 186, 227, 105, 150, 210, 242, 283, 183, 83, 157, 157, 156, 124, 187, 9, 224, 142, 159, 90, 105, 252, 195, 119, 291, 183, 96, 204, 63, 196, 231, 43, 138, 269, 2, 13, 140, 182, 72, 237, 168, 178, 243, 249, 89, 25, 85, 84, 49, 269, 202, 26, 143, 113, 1, 1, 23, 155, 273, 51, 6, 163, 102, 210, 261, 135, 43, 97, 188, 86, 132, 265, 80, 277, 188, 207, 90, 190, 48, 161, 72, 213, 135, 291, 10, 228, 230, 132, 214, 76, 150, 22, 259, 165, 50, 253, 94, 175, 187, 59, 8, 21, 41, 88, 46, 236, 37, 152, 64, 148, 254, 277, 52, 266, 260, 16, 253, 208, 149, 11, 66, 139, 161, 29, 272, 173, 72, 12, 10, 291, 73, 207, 259, 260, 294, 148, 238, 81, 184, 125, 173, 237, 192, 74, 220, 42, 27, 27, 58, 192, 86, 109, 273, 249, 104, 220, 288, 189, 58, 49, 179, 161, 257, 102, 6, 158, 116, 67, 206, 233, 265, 204, 224, 279, 181, 181, 80, 191, 191, 263, 236, 257, 159, 242, 145, 133, 145, 156, 205, 265, 214, 130, 293, 266, 286, 266, 57, 216, 197, 250, 123, 121, 46, 231, 218, 167, 104, 37, 212, 294, 212, 216, 39, 244, 127, 44, 240, 74, 35, 88, 126, 289, 248, 212, 67, 68, 295, 135, 146, 

Execution time: 3796.331300020218 seconds