=== Setting ===
pop_size: 300
mutation_rate: 0.01
max_generation: 700


Average fitness, Best fitness
0.26576087524324477,0.9980199990291734
0.3437748555887742,1.10328315692391
0.41830326269253804,1.4201927116613025
0.5244646479167575,1.4201927116613025
0.6251673631507435,1.5117194209299472
0.736244027700575,1.6341803731701032
0.8853636694041075,1.6427142639007046
1.0232531085219918,1.7714000153165865
1.12278715041027,2.065610803794187
1.2203373749986783,2.065610803794187
1.253841582816784,2.065610803794187
1.3084250878385628,2.1241207911614643
1.3156902691889891,2.2671297561032926
1.324222456275057,2.298728440656686
1.3533250465270625,2.339852356780602
1.4241872958678452,2.4462190454274912
1.4384238993631138,2.621405287855521
1.4818578882587343,2.621405287855521
1.4796593668498212,2.621405287855521
1.5085568390111987,2.65349259087494
1.5496257344059352,2.65349259087494
1.6127353117539298,2.65349259087494
1.658328165133598,2.65349259087494
1.6803208694977079,2.65349259087494
1.6957522270474608,2.65349259087494
1.710468514084508,2.65349259087494
1.691704555002392,2.6677314717761655
1.7229359936658122,2.6677314717761655
1.731038720499932,2.817399699250034
1.742558091954526,3.0092831880722994
1.7909528643961228,3.0974103792232612
1.8220778219523641,3.0974103792232612
1.8352742471716594,3.1328928149276365
1.836372261233572,3.2483786823654777
1.8886409985071468,3.3072005890134717
1.944430350841939,3.3072005890134717
1.948414444521632,3.4031592520954224
1.9869604751124867,3.557142857142857
2.0809641558508543,3.557142857142857
2.100331293575775,3.557142857142857
2.1970620557782574,3.557142857142857
2.242393805319374,3.557142857142857
2.260953094971366,3.557142857142857
2.3004835913172044,3.5789833978797
2.3674882461922144,3.5789833978797
2.4716415876550566,3.7318973018476918
2.479305444872175,3.7318973018476918
2.4946704626429574,3.7318973018476918
2.4656710460505007,3.7318973018476918
2.437617456008374,3.7318973018476918
2.4489881102763436,3.733005249368793
2.5156991954427843,3.733005249368793
2.5145941455771856,3.733005249368793
2.5370408185829785,3.733005249368793
2.548547864904124,4.115431793162405
2.5608992262231123,4.115431793162405
2.5866983318974848,4.115431793162405
2.5516494590002634,4.115431793162405
2.555233617424287,4.115431793162405
2.662735569910962,4.115431793162405
2.667586644318679,4.115431793162405
2.672306775223364,4.115431793162405
2.6596834784927954,4.115431793162405
2.6646811105814194,4.159476324846445
2.6880404102291755,4.159476324846445
2.7368496743990463,4.159476324846445
2.7646379773735585,4.159476324846445
2.7003866655602495,4.159476324846445
2.731558302369972,4.159476324846445
2.723039423241175,4.159476324846445
2.730697012438018,4.159476324846445
2.763927158370393,4.159476324846445
2.758568229952915,4.159476324846445
2.7709533270710214,4.159476324846445
2.8279443742397548,4.159476324846445
2.8169656264894365,4.159476324846445
2.822368216069569,4.159476324846445
2.8930014668026827,4.159476324846445
2.922865575091086,4.159476324846445
2.8695941779203156,4.159476324846445
2.902377999936344,4.41540034491254
2.9071498986619857,4.41540034491254
2.947891399230967,4.41540034491254
2.99437900138809,4.41540034491254
2.9600841881647524,4.41540034491254
2.9909721511474143,4.41540034491254
2.981960061067162,4.41540034491254
3.0048954923189513,4.505528613133515
3.004924104864174,4.505528613133515
2.988383632200956,4.505528613133515
2.9798415387675665,4.505528613133515
2.98604073298332,4.505528613133515
2.977786368547299,4.505528613133515
2.9984199349446112,4.505528613133515
2.940134992305974,4.505528613133515
2.935037821975131,4.505528613133515
2.9590010457186007,4.505528613133515
2.9695702734298206,4.505528613133515
2.9661653435812543,4.505528613133515
2.8968531750312687,4.505528613133515
2.9258396174515555,4.505528613133515
2.9863090762224607,4.505528613133515
3.0098959189861345,4.505528613133515
3.0650165862860614,4.505528613133515
3.009005921496655,4.505528613133515
3.0247743178891273,4.505528613133515
3.018153798864544,4.505528613133515
3.025396542750592,4.506253166260022
3.0127237644248335,4.506253166260022
3.019533897355006,4.506253166260022
3.021300323761748,4.506253166260022
3.0281937547576385,4.506253166260022
3.0635180678538636,4.506253166260022
3.0422529160544607,4.506253166260022
3.0066509417693212,4.506253166260022
3.006176452031453,4.506253166260022
3.0018599495105276,4.506253166260022
3.03587022888855,4.506253166260022
3.0458377423429823,4.506253166260022
2.9888156591697106,4.506253166260022
3.0190186011688147,4.506253166260022
3.088205328777234,4.506253166260022
3.087846458664357,4.506253166260022
3.1286892629406897,4.506253166260022
3.1862173133073592,4.506253166260022
3.177789311275681,4.506253166260022
3.1765989557008707,4.506253166260022
3.212559708066362,4.506253166260022
3.215568400178776,4.526002374021403
3.2358841178315774,4.526002374021403
3.2507852615311394,4.526002374021403
3.2922211651783497,4.526002374021403
3.281542018890795,4.552538902538903
3.25518567037994,4.690669527670753
3.225598265352768,4.690669527670753
3.239202478665105,4.690669527670753
3.272304562556474,4.690669527670753
3.270769616540183,4.690669527670753
3.235105481094548,4.690669527670753
3.2319476577194135,4.8115335878585
3.3088752242025707,4.943926395580612
3.31995217917915,4.943926395580612
3.328681703188531,4.943926395580612
3.359647147120152,4.958843324128219
3.4186442840874793,4.958843324128219
3.4026438491271125,4.958843324128219
3.3929819297658033,4.958843324128219
3.4251549439276414,4.958843324128219
3.414075899939771,4.958843324128219
3.436704222566853,4.958843324128219
3.44554879114651,4.958843324128219
3.384790822908734,5.015179561603587
3.365011857750026,5.015179561603587
3.3614389094368127,5.015179561603587
3.3592961220507314,5.015179561603587
3.337957524297978,5.015179561603587
3.3790478835327002,5.015179561603587
3.376329951639407,5.015179561603587
3.3730064645353006,5.015179561603587
3.354949000862873,5.015179561603587
3.3863077513073523,5.015179561603587
3.3663239217260443,5.015179561603587
3.3348257246222577,5.015179561603587
3.3226392885672227,5.015179561603587
3.3745830530584375,5.015179561603587
3.3967695475906816,5.015179561603587
3.4150075454130926,5.015179561603587
3.375232863378514,5.015179561603587
3.3187953730630015,5.015179561603587
3.3033674289415593,5.015179561603587
3.295693569918269,5.015179561603587
3.2626653732766426,5.015179561603587
3.312912214017803,5.015179561603587
3.357781587808201,5.015179561603587
3.4082863453277747,5.015179561603587
3.443965413903042,5.015179561603587
3.4636550681386997,5.015179561603587
3.452241920325161,5.015179561603587
3.462490630276299,5.015179561603587
3.5238173466981606,5.015179561603587
3.5333075832660255,5.015179561603587
3.491349297363561,5.015179561603587
3.4861998771044993,5.015179561603587
3.460575574661746,5.015179561603587
3.4695955184807787,5.015179561603587
3.465193918624355,5.015179561603587
3.5303728103066807,5.015179561603587
3.522027294332463,5.015179561603587
3.461250479876382,5.361924030454047
3.4944927994551875,5.361924030454047
3.529230048876695,5.361924030454047
3.5186395020952825,5.361924030454047
3.546775550489229,5.361924030454047
3.5120307783167317,5.361924030454047
3.565812800585095,5.361924030454047
3.563008515529125,5.361924030454047
3.543801423100521,5.361924030454047
3.5724881270242976,5.361924030454047
3.5647490439883245,5.361924030454047
3.6153911721843563,5.361924030454047
3.6390516926493,5.361924030454047
3.642786277678265,5.361924030454047
3.6103703214405103,5.361924030454047
3.62126868585376,5.361924030454047
3.60652701302198,5.361924030454047
3.588876719322345,5.361924030454047
3.602943102889952,5.361924030454047
3.6154886102792103,5.361924030454047
3.6395805210149024,5.361924030454047
3.65911073180614,5.361924030454047
3.6710151117018284,5.361924030454047
3.6874711857622113,5.361924030454047
3.71500781723663,5.361924030454047
3.6857010812883506,5.361924030454047
3.7237102625639666,5.361924030454047
3.748363562325482,5.492422481361034
3.734630669903966,5.492422481361034
3.7687412222805716,5.492422481361034
3.7492024004585907,5.492422481361034
3.7790646543774704,5.492422481361034
3.797472768090732,5.492422481361034
3.8059223476194095,5.492422481361034
3.830209122183218,5.492422481361034
3.788884797554743,5.492422481361034
3.764161833107928,5.492422481361034
3.7491626849431485,5.492422481361034
3.76969137243054,5.492422481361034
3.794140045117624,5.492422481361034
3.795436608343423,5.492422481361034
3.762564609050306,5.492422481361034
3.776045661492051,5.492422481361034
3.790566073860309,5.492422481361034
3.811569546717607,5.492422481361034
3.8099829009318453,5.492422481361034
3.7977147153365447,5.492422481361034
3.8183958614440585,5.492422481361034
3.7972976129640106,5.492422481361034
3.787674308577491,5.492422481361034
3.810631384894876,5.538243779325262
3.8404413314932935,5.538243779325262
3.830362131880255,5.538243779325262
3.772646843455359,5.538243779325262
3.77720189639433,5.538243779325262
3.767397089468052,5.538243779325262
3.7601298203453424,5.538243779325262
3.6661957530670892,5.538243779325262
3.685603012947995,5.538243779325262
3.6703582459394055,5.538243779325262
3.694415417936244,5.538243779325262
3.678093856527091,5.538243779325262
3.6954979567141817,5.538243779325262
3.6899338444785115,5.538243779325262
3.6724785156503965,5.538243779325262
3.663317409936079,5.538243779325262
3.646520728314011,5.538243779325262
3.649037394032473,5.538243779325262
3.696153313098577,5.538243779325262
3.671966366505486,5.538243779325262
3.7113080000565217,5.538243779325262
3.6918495490653003,5.538243779325262
3.6842073232742525,5.538243779325262
3.666807783291775,5.538243779325262
3.750339666862055,5.630698072988411
3.7666056148558695,5.630698072988411
3.783621535046315,5.630698072988411
3.7455104345484527,5.630698072988411
3.7233213747814617,5.630698072988411
3.6712456318781546,5.630698072988411
3.677384447404309,5.630698072988411
3.7254374612875814,5.630698072988411
3.744667048022188,5.630698072988411
3.704727086440872,5.630698072988411
3.7145189876635967,5.630698072988411
3.704886393962835,5.717978965808253
3.7647143818410225,5.717978965808253
3.766709984969807,5.717978965808253
3.8694910543279457,5.717978965808253
3.8562445332555066,5.717978965808253
3.7921805999776383,5.717978965808253
3.800210590310042,5.717978965808253
3.786319463809125,5.717978965808253
3.834058457878113,5.717978965808253
3.8326888158247607,5.717978965808253
3.8754584561759473,5.717978965808253
3.86385019040518,5.717978965808253
3.8995532208636168,5.717978965808253
3.876810272762052,5.717978965808253
3.867672256656032,5.717978965808253
3.8617326873327316,5.717978965808253
3.8971907127798127,5.717978965808253
3.9062417986711586,5.717978965808253
3.9195031667817157,5.717978965808253
3.9248343711184277,5.717978965808253
3.892634413570611,5.717978965808253
3.897442415982967,5.717978965808253
3.8806618813314486,5.717978965808253
3.948057274729321,5.717978965808253
3.963088547487464,5.717978965808253
3.9374636007277664,5.717978965808253
3.952306016389576,5.717978965808253
4.03906677428064,5.717978965808253
4.033170750004821,5.717978965808253
4.053014177374284,5.717978965808253
3.9884624572882217,5.717978965808253
3.939043504765247,5.717978965808253
3.9047501887238036,5.717978965808253
3.849059357081327,5.717978965808253
3.8652946794775374,5.848932209455742
3.8320407662251403,5.848932209455742
3.8831754287538405,5.848932209455742
3.8409571395797117,5.848932209455742
3.8839526600851855,5.848932209455742
3.873233587809263,5.848932209455742
3.8477464325833073,5.848932209455742
3.8031157263258417,5.848932209455742
3.8609659771962583,5.848932209455742
3.873389174930476,5.848932209455742
3.896346352281934,5.848932209455742
3.9593303947035783,5.848932209455742
4.0015890974660095,5.848932209455742
3.99666428695706,5.848932209455742
4.009165498381117,5.889548457421665
4.055303168463084,5.889548457421665
4.0640281461338095,6.371401320115785
4.013374376957381,6.371401320115785
4.098788880880261,6.371401320115785
4.024444597057462,6.371401320115785
4.033775022765476,6.371401320115785
3.9938801861427677,6.371401320115785
3.987382448741433,6.371401320115785
3.9780678292241713,6.371401320115785
3.9457800357406625,6.371401320115785
3.9849592558357685,6.371401320115785
4.017254256921615,6.371401320115785
3.9733021261197004,6.371401320115785
3.9534791263162736,6.371401320115785
3.9162151843305795,6.371401320115785
3.8594173904851785,6.371401320115785
3.8480595649549985,6.371401320115785
3.8609919662955328,6.371401320115785
3.8433260754322616,6.371401320115785
3.8472418464502396,6.371401320115785
3.8610570806606415,6.371401320115785
3.8276911889993577,6.371401320115785
3.900687225739965,6.371401320115785
3.8391383096211444,6.371401320115785
3.865575293555686,6.371401320115785
3.845320695402416,6.371401320115785
3.84193919425274,6.371401320115785
3.886539838021149,6.371401320115785
3.9453076534596985,6.371401320115785
3.9913180780651345,6.371401320115785
3.9791574126383837,6.371401320115785
3.9660490475859613,6.371401320115785
3.921074876582201,6.371401320115785
3.9289952652846627,6.371401320115785
3.9390174865702012,6.371401320115785
4.015848266269278,6.371401320115785
4.010753096327389,6.371401320115785
3.9701201086427265,6.371401320115785
4.017545807531516,6.371401320115785
4.059125031358779,6.371401320115785
4.052710827698055,6.371401320115785
4.055566396210935,6.371401320115785
4.093816809218292,6.371401320115785
4.14143764967541,6.371401320115785
4.115123911382014,6.371401320115785
4.015465743005787,6.371401320115785
4.0959406666785805,6.371401320115785
4.1613923466237575,6.371401320115785
4.108377471167679,6.371401320115785
4.116354118347676,6.371401320115785
4.135151816172383,6.371401320115785
4.1350695821730055,6.371401320115785
4.125229808842585,6.371401320115785
4.198461968540567,6.371401320115785
4.177203262246537,6.371401320115785
4.209840464879994,6.371401320115785
4.225822480054693,6.371401320115785
4.179880995149675,6.371401320115785
4.159141518490618,6.371401320115785
4.1953579380565875,6.371401320115785
4.187505994631663,6.371401320115785
4.156408034506457,6.371401320115785
4.115729032701775,6.371401320115785
4.115727566537724,6.371401320115785
4.156855930440014,6.371401320115785
4.161141637611408,6.371401320115785
4.141329239410111,6.371401320115785
4.061691211381871,6.371401320115785
4.026314900650367,6.371401320115785
3.995375714322356,6.371401320115785
3.9805773606372328,6.371401320115785
3.9685838165088385,6.371401320115785
3.956547797977887,6.371401320115785
3.9394383853399337,6.371401320115785
3.9094394631713683,6.371401320115785
3.929536430017178,6.371401320115785
3.982866825270411,6.371401320115785
3.9264892363194273,6.371401320115785
3.9850891554610195,6.371401320115785
4.000215365568477,6.371401320115785
3.980108838741507,6.371401320115785
3.9854597599127684,6.371401320115785
4.057222477323358,6.371401320115785
4.073473581306531,6.371401320115785
4.076780239597568,6.371401320115785
4.121148364007201,6.371401320115785
4.05757730201201,6.371401320115785
4.040658997170204,6.371401320115785
4.0719164994095784,6.371401320115785
4.0454878695866325,6.371401320115785
4.029628215915038,6.371401320115785
4.055198278898075,6.371401320115785
4.029047340076133,6.371401320115785
4.006947147148168,6.371401320115785
4.1217079706787025,6.371401320115785
4.118841536927556,6.371401320115785
4.156959497348692,6.371401320115785
4.132633372931628,6.371401320115785
4.102083508791424,6.371401320115785
4.095170509812035,6.371401320115785
4.092242323265751,6.371401320115785
4.1088981456405005,6.371401320115785
4.090856074666143,6.371401320115785
4.070260843970351,6.371401320115785
4.104655281842227,6.371401320115785
4.068276486472383,6.371401320115785
4.073438124307256,6.371401320115785
4.008518580566301,6.371401320115785
3.9323763467146917,6.371401320115785
3.91762663378771,6.371401320115785
3.8803365103744683,6.371401320115785
3.9278039923114263,6.371401320115785
3.973469444322966,6.371401320115785
3.98142264432534,6.371401320115785
3.967716746672429,6.371401320115785
3.990770915356164,6.371401320115785
4.0367642135761885,6.371401320115785
4.032623908881123,6.371401320115785
4.052224385927659,6.371401320115785
4.0751000026961,6.371401320115785
4.006797571670066,6.371401320115785
4.024682673854156,6.371401320115785
4.030928839448684,6.371401320115785
4.061762624775645,6.371401320115785
4.058899878794489,6.371401320115785
4.0883126376264665,6.371401320115785
4.125594768955988,6.371401320115785
4.155769714966359,6.371401320115785
4.153483924066492,6.371401320115785
4.175240130004678,6.371401320115785
4.232471737120292,6.371401320115785
4.249021673576474,6.371401320115785
4.307583569239783,6.371401320115785
4.302120850220761,6.371401320115785
4.2991292378088986,6.371401320115785
4.226789166273719,6.371401320115785
4.26564774833527,6.371401320115785
4.2512900316143645,6.371401320115785
4.29411511855363,6.371401320115785
4.264269962095046,6.371401320115785
4.2203740892896295,6.371401320115785
4.198295349286662,6.371401320115785
4.165462940562648,6.371401320115785
4.130540483930295,6.371401320115785
4.14923736499661,6.371401320115785
4.179066917041034,6.371401320115785
4.162731682435082,6.371401320115785
4.22542828856444,6.371401320115785
4.189680008384979,6.371401320115785
4.161307759667822,6.371401320115785
4.1360265359064075,6.371401320115785
4.153573893050575,6.371401320115785
4.228117678739786,6.371401320115785
4.265908533279512,6.371401320115785
4.28216974314869,6.371401320115785
4.231930446802798,6.371401320115785
4.215843710031373,6.371401320115785
4.3007197136309,6.371401320115785
4.322846420161355,6.371401320115785
4.2933140703594805,6.371401320115785
4.245545338471035,6.371401320115785
4.2850459370070535,6.4220523516949
4.318817495928451,6.706419058591708
4.2601713545995405,6.706419058591708
4.289941139918251,6.706419058591708
4.325517816251661,6.706419058591708
4.2646716465319265,6.706419058591708
4.250547448091308,6.706419058591708
4.273934773353695,6.706419058591708
4.284866702312451,6.706419058591708
4.235079934753946,6.706419058591708
4.308041469627273,6.706419058591708
4.346032327243229,6.706419058591708
4.339444245935224,6.706419058591708
4.370223660916433,6.706419058591708
4.403357126676254,6.706419058591708
4.395476460640967,6.706419058591708
4.3952983560541785,6.706419058591708
4.341749783018961,6.706419058591708
4.381720574525736,6.706419058591708
4.3532022161489445,6.706419058591708
4.306825749071464,6.706419058591708
4.323298680142891,6.706419058591708
4.3780633562017774,6.706419058591708
4.425867238046168,6.706419058591708
4.466779823868362,6.706419058591708
4.412159053315514,6.706419058591708
4.416015536415118,6.706419058591708
4.450457156498935,6.706419058591708
4.46713602975277,6.706419058591708
4.419868453686823,6.706419058591708
4.388745943932639,6.706419058591708
4.3659810767729805,6.706419058591708
4.329550849458551,6.706419058591708
4.33381705912027,6.706419058591708
4.339231676941019,6.706419058591708
4.319876770107013,6.706419058591708
4.277969193249225,6.706419058591708
4.362743856282628,6.706419058591708
4.394861856757744,6.706419058591708
4.410694395244322,6.706419058591708
4.46383754726404,6.706419058591708
4.468405637556288,6.706419058591708
4.382913918734885,6.706419058591708
4.382143678467214,6.706419058591708
4.403834956801055,6.706419058591708
4.363951276666556,6.706419058591708
4.319885411905483,6.706419058591708
4.307391805731722,6.706419058591708
4.2817744056048435,6.706419058591708
4.327070252198282,6.706419058591708
4.391062820072731,6.706419058591708
4.329273948171084,6.706419058591708
4.363420130390616,6.706419058591708
4.291498001359777,6.706419058591708
4.310206010368407,6.706419058591708
4.353359526000632,6.706419058591708
4.301210111661065,6.706419058591708
4.284235201045351,6.706419058591708
4.2715631503276335,6.706419058591708
4.279457240548893,6.706419058591708
4.33774610823143,6.706419058591708
4.385315490661529,6.706419058591708
4.336733091009979,6.706419058591708
4.35575475936966,6.706419058591708
4.359764557143064,6.706419058591708
4.395397940174826,6.706419058591708
4.342053813516291,6.706419058591708
4.3628605940328065,6.706419058591708
4.37953602334931,6.706419058591708
4.390201101516675,6.706419058591708
4.374981635484004,6.706419058591708
4.336271544198992,6.706419058591708
4.265188033368155,6.706419058591708
4.227784334638839,6.706419058591708
4.232846935634575,6.706419058591708
4.207815250524199,6.706419058591708
4.16577387989048,6.706419058591708
4.211012242874819,6.706419058591708
4.15966356307628,6.706419058591708
4.1489899169423206,6.706419058591708
4.121400343460906,6.706419058591708
4.135701731033906,6.706419058591708
4.21397244979264,6.706419058591708
4.238800562686293,6.706419058591708
4.268266923869583,6.706419058591708
4.2501671864281585,6.706419058591708
4.2808539350409704,6.706419058591708
4.294841558092723,6.706419058591708
4.24341730258081,6.706419058591708
4.249230584611164,6.706419058591708
4.270415162150877,6.706419058591708
4.335268788443363,6.706419058591708
4.261986703785746,6.706419058591708
4.302337444240799,6.706419058591708
4.2628666452969215,6.706419058591708
4.317277165183939,6.706419058591708
4.322084800583207,6.706419058591708
4.305787813292942,6.706419058591708
4.318237913978898,6.706419058591708
4.370153425318857,6.706419058591708
4.371068882997978,6.706419058591708
4.3392555127063,6.878622842748997
4.385128738038631,6.878622842748997
4.4585152417687395,6.878622842748997
4.427439826306299,6.878622842748997
4.443351688557928,6.878622842748997
4.382035281656931,6.878622842748997
4.305273213962326,6.878622842748997
4.2822409999381295,6.878622842748997
4.353433945534919,6.878622842748997
4.4348431720299955,6.878622842748997
4.441894296402105,6.878622842748997
4.492818755088079,6.878622842748997
4.518701118667632,6.878622842748997
4.537319269425134,6.878622842748997
4.549487946121022,6.878622842748997
4.528507912568274,6.878622842748997
4.505579108398588,6.878622842748997
4.574361966592503,6.878622842748997
4.568168799524856,6.878622842748997
4.60142616507123,6.878622842748997
4.671410923758676,6.878622842748997
4.679652198232978,6.878622842748997
4.724409461061695,6.878622842748997
4.733188102320624,6.878622842748997
4.736827598000969,6.878622842748997
4.662231017548701,6.878622842748997
4.702307546059089,6.878622842748997
4.703488682725781,6.878622842748997
4.715326358803854,6.878622842748997
4.6385375486428515,6.878622842748997
4.596798788439231,6.878622842748997
4.627136551389948,6.878622842748997
4.641059769345561,6.878622842748997
4.586046877757366,6.878622842748997
4.584365923536617,6.878622842748997
4.639552675311463,6.878622842748997
4.564683008555936,6.878622842748997
4.514918190835051,6.878622842748997
4.491599242604522,6.878622842748997
4.5583845583125395,6.878622842748997
4.599055860243309,6.878622842748997
4.680749935393328,6.878622842748997
4.666454504703554,6.878622842748997
4.652567010677331,6.899194625630259
4.62117614457795,7.000889593888695
4.6577243391634395,7.000889593888695
4.660340164186713,7.000889593888695
4.677526296017262,7.000889593888695
4.661880287993044,7.000889593888695
4.668023046029407,7.000889593888695
4.73889664213274,7.000889593888695
4.6764902268142645,7.000889593888695
4.6375896886688714,7.000889593888695
4.637967048161263,7.000889593888695
4.660348268794446,7.000889593888695
4.704699199157553,7.000889593888695
4.710791820688723,7.000889593888695
4.675224672968326,7.000889593888695
4.619839717301759,7.000889593888695
4.565202014168159,7.000889593888695
4.604266168981369,7.000889593888695
4.6256779191550415,7.000889593888695
4.618084257375361,7.000889593888695
4.6861374222043235,7.000889593888695
4.706107033171127,7.000889593888695
4.71462795035042,7.000889593888695
4.719970491682629,7.000889593888695
4.790351350249895,7.000889593888695
4.79150828755007,7.000889593888695
4.833424153286653,7.105988762678805
4.873451593361647,7.276929559219363
4.851600190374973,7.276929559219363
4.870612454834987,7.276929559219363
4.904519329154312,7.276929559219363
4.869155963158059,7.276929559219363
4.908637459038334,7.276929559219363
4.937928871449453,7.276929559219363
4.981601528932261,7.276929559219363
4.977640638471514,7.276929559219363
4.9784591139266965,7.276929559219363
5.001876852088127,7.276929559219363
4.936852396288052,7.276929559219363
4.91321852496705,7.276929559219363
4.9051150835675665,7.276929559219363
4.88152626336759,7.276929559219363
4.9266734813445785,7.276929559219363
4.878992994979465,7.276929559219363
4.888810260021501,7.276929559219363
4.8322052070840655,7.276929559219363
4.918909619214831,7.276929559219363
4.844117903631914,7.276929559219363
4.834324001202905,7.276929559219363
4.840050019584205,7.276929559219363
4.869932716309194,7.276929559219363
4.84260374842485,7.276929559219363
4.841554444096763,7.276929559219363
4.811169047845142,7.276929559219363
4.920998415208425,7.276929559219363
4.899867655606384,7.276929559219363
4.946831371759765,7.276929559219363
4.8996099072339,7.276929559219363
4.9534034818063315,7.276929559219363
4.892899723155214,7.276929559219363
4.915788477147194,7.276929559219363
4.95473625139865,7.276929559219363
4.9696013921922395,7.276929559219363
4.957536511986541,7.276929559219363
4.911387576152269,7.276929559219363
4.9394163630515076,7.276929559219363
4.889712566689589,7.276929559219363
4.918932529263023,7.276929559219363
4.9333850162605435,7.276929559219363
4.8732869973418955,7.276929559219363
4.8909350966130924,7.276929559219363
4.896113894827482,7.276929559219363
4.9441753731489015,7.276929559219363
4.9977125061590755,7.276929559219363


Best individual:
70, 70, 72, 264, 292, 140, 16, 122, 109, 168, 272, 119, 47, 264, 81, 246, 202, 153, 8, 203, 118, 113, 152, 95, 204, 271, 196, 149, 111, 57, 3, 32, 248, 269, 269, 126, 109, 84, 244, 208, 183, 32, 28, 145, 69, 195, 112, 284, 29, 183, 283, 228, 165, 247, 262, 233, 147, 122, 243, 115, 59, 103, 40, 19, 134, 247, 290, 140, 93, 293, 278, 72, 178, 198, 297, 53, 98, 132, 189, 155, 53, 261, 55, 98, 54, 27, 135, 166, 231, 243, 16, 231, 128, 128, 172, 232, 225, 232, 207, 237, 82, 167, 22, 258, 274, 198, 117, 157, 157, 230, 132, 186, 65, 59, 85, 101, 19, 119, 121, 265, 282, 170, 275, 53, 31, 31, 282, 283, 10, 173, 61, 7, 79, 57, 206, 219, 273, 278, 37, 235, 175, 37, 297, 267, 12, 229, 94, 131, 77, 286, 140, 223, 255, 286, 271, 292, 28, 28, 117, 113, 199, 210, 237, 102, 25, 254, 157, 51, 100, 236, 291, 170, 163, 222, 222, 157, 68, 298, 158, 33, 132, 86, 86, 258, 141, 176, 27, 184, 116, 152, 282, 140, 165, 139, 121, 246, 105, 276, 262, 8, 16, 30, 257, 25, 219, 61, 23, 23, 271, 273, 183, 43, 4, 256, 134, 257, 281, 281, 290, 131, 109, 140, 42, 290, 51, 223, 183, 172, 295, 62, 246, 206, 133, 253, 253, 243, 120, 253, 283, 283, 79, 96, 128, 62, 227, 96, 65, 200, 200, 248, 208, 285, 151, 256, 193, 71, 16, 135, 132, 246, 274, 14, 138, 33, 246, 196, 104, 53, 52, 211, 134, 280, 279, 198, 63, 63, 78, 234, 78, 147, 191, 191, 148, 240, 41, 84, 198, 185, 239, 239, 285, 142, 47, 225, 290, 157, 252, 116, 278, 

Execution time: 7896.166162967682 seconds