=== Setting ===
pop_size: 500
mutation_rate: 0.01
max_generation: 500


Average fitness, Best fitness
0.27274030646775577,0.9655171248614602
0.3378140941089658,1.0754467624529083
0.3911740949023422,1.2227318171235342
0.46709644205662026,1.622137034368317
0.5328072350542499,1.6815163530541422
0.6565121607596949,1.8036333806915161
0.7692236782146544,2.025981509011477
0.8583977528483493,2.025981509011477
0.9478355910457777,2.0712111529794903
1.0308668058317927,2.0712111529794903
1.139844911340188,2.295261783522653
1.1718792834383445,2.452454217760943
1.2509650941612114,2.9832794440513473
1.3500927231480768,2.9832794440513473
1.4638049084910818,2.9832794440513473
1.5484480666772829,3.096991306371325
1.6412301684367874,3.4536147601063676
1.7419245665458223,3.4536147601063676
1.7702333784090174,3.4536147601063676
1.8832816308626685,3.462023337952561
1.974944916839311,3.462023337952561
2.098631059068438,3.462023337952561
2.1705186551615667,3.622556955043344
2.2036585992881084,3.622556955043344
2.273266646538767,3.649452178513915
2.3304098812369554,3.656517352703793
2.409680023864224,3.826766972352974
2.495496756022314,3.826766972352974
2.5157704638329452,3.826766972352974
2.543100797261609,3.8756937388516337
2.563487196143235,3.954641107272686
2.6430003784359983,4.238989478257307
2.7083814981485386,4.238989478257307
2.732402999196711,4.239517167634911
2.772239171019583,4.239517167634911
2.7956347848129104,4.269489364779915
2.8113777384731,4.269489364779915
2.8679840046938634,4.269489364779915
2.887465988417377,4.338111444026463
2.9073316178785125,4.364613356559291
2.932515473847355,4.373678770890804
2.9464551664619627,4.413817663817665
2.952327331399737,4.413817663817665
2.9589994418307066,4.413817663817665
3.0195935873333744,4.413817663817665
3.023707983363527,4.413817663817665
3.015345206552846,4.413817663817665
3.034407668497753,4.413817663817665
3.0389277021817276,4.413817663817665
3.040023883600992,4.560686503039444
3.0639630983817665,4.560686503039444
3.0703640256744973,4.560686503039444
3.1258359920188203,4.5829741514524125
3.14192901519788,4.977059767133721
3.137155177538645,4.977059767133721
3.1354036333235777,4.977059767133721
3.1585752947539314,4.977059767133721
3.212113575804865,4.977059767133721
3.2146706243522645,4.977059767133721
3.231781428551941,4.977059767133721
3.271042676616844,5.092146019782564
3.3114828288653793,5.092146019782564
3.322596341421837,5.092146019782564
3.323620718733989,5.092146019782564
3.339304497547054,5.092146019782564
3.3379177734459557,5.092146019782564
3.3102539151444135,5.092146019782564
3.3798070392368866,5.092146019782564
3.3765558809314626,5.092146019782564
3.43422010699782,5.092146019782564
3.4475606086057695,5.092146019782564
3.4493610078122687,5.092146019782564
3.432373066557549,5.092146019782564
3.4621173845377644,5.092146019782564
3.47514182883046,5.092146019782564
3.477657536285282,5.092146019782564
3.470132216420634,5.092146019782564
3.447327427162065,5.092146019782564
3.488768222187083,5.092146019782564
3.4973221290013736,5.092146019782564
3.463150761580823,5.092146019782564
3.525999842247217,5.092146019782564
3.5357666859414345,5.092146019782564
3.562665126518735,5.092146019782564
3.5689812750795915,5.092146019782564
3.5619583597017654,5.092146019782564
3.5431137338908707,5.092146019782564
3.5523075525273633,5.092146019782564
3.528429020060711,5.092146019782564
3.5140586789831816,5.092146019782564
3.5147763767706066,5.092146019782564
3.5221854889252078,5.092146019782564
3.544488575266375,5.092146019782564
3.549996843527533,5.092146019782564
3.605932092194175,5.092146019782564
3.612545953488542,5.092146019782564
3.590625394156432,5.092146019782564
3.5673029735031365,5.092146019782564
3.582087351186508,5.092146019782564
3.560361671106578,5.092146019782564
3.5618763106586684,5.092146019782564
3.573696407607651,5.092146019782564
3.5783422675823617,5.409789260733533
3.5824543715791974,5.409789260733533
3.566834232281125,5.409789260733533
3.550263509525342,5.409789260733533
3.512403807134127,5.409789260733533
3.5124784264651217,5.409789260733533
3.5457321999016105,5.409789260733533
3.5169278057936904,5.409789260733533
3.5177814444625666,5.409789260733533
3.5394581804932685,5.409789260733533
3.540301365834892,5.409789260733533
3.550144296539555,5.409789260733533
3.5482510736881663,5.409789260733533
3.534212368388521,5.409789260733533
3.5468413377002768,5.409789260733533
3.527342329297948,5.409789260733533
3.5220613567681567,5.409789260733533
3.5383726143671126,5.409789260733533
3.6003651618881087,5.409789260733533
3.603697656343684,5.409789260733533
3.57829401936008,5.409789260733533
3.583449079773887,5.409789260733533
3.6167934106423374,5.409789260733533
3.620716617903244,5.409789260733533
3.59773362561615,5.409789260733533
3.587259532706688,5.409789260733533
3.596325527536666,5.409789260733533
3.628704819067496,5.409789260733533
3.63848242146345,5.409789260733533
3.629765868867261,5.409789260733533
3.566298315241392,5.409789260733533
3.532755087002767,5.409789260733533
3.520835219666331,5.409789260733533
3.483988706701165,5.409789260733533
3.515876322259774,5.409789260733533
3.5439084578839903,5.409789260733533
3.5569730214400677,5.409789260733533
3.62334341128175,5.409789260733533
3.583108281549075,5.409789260733533
3.5707191381777457,5.409789260733533
3.5680182618904173,5.409789260733533
3.5581297134284373,5.409789260733533
3.5319638520139187,5.409789260733533
3.5452409692746927,5.409789260733533
3.5809988815427123,5.409789260733533
3.5835717284866533,5.409789260733533
3.6578669949461053,5.409789260733533
3.6343309155865584,5.409789260733533
3.6663555854649617,5.409789260733533
3.6604637219644838,5.409789260733533
3.6680647934897683,5.409789260733533
3.66804945043535,5.409789260733533
3.6456619738499816,5.409789260733533
3.629367595321076,5.409789260733533
3.6670327192845007,5.409789260733533
3.6890747709979363,5.409789260733533
3.6786688039719655,5.409789260733533
3.6977320646319263,5.409789260733533
3.6910089953057503,5.409789260733533
3.7418333481697843,5.409789260733533
3.6941610601990855,5.409789260733533
3.6482003214272947,5.409789260733533
3.6800336791320407,5.409789260733533
3.6945738117387914,5.409789260733533
3.7202405838613335,5.409789260733533
3.70480227425627,5.409789260733533
3.7184616495834355,5.409789260733533
3.7087810061769897,5.409789260733533
3.7101827249919834,5.409789260733533
3.7274026677601646,5.409789260733533
3.704970098767946,5.409789260733533
3.7031535623999705,5.409789260733533
3.7221430170054948,5.409789260733533
3.764944833317095,5.409789260733533
3.7644188862348793,5.409789260733533
3.754837227895095,5.409789260733533
3.781181122308363,5.409789260733533
3.767855521752206,5.409789260733533
3.7759758507494454,5.409789260733533
3.8192450796405404,5.458040256209592
3.868166528918959,5.458040256209592
3.8692005221361523,5.458040256209592
3.86491880308854,5.461929172299037
3.8684169566140274,5.461929172299037
3.906885205738948,5.461929172299037
3.8954314994768975,5.461929172299037
3.870092420655762,5.517914830716015
3.8737271404146996,5.520584548488707
3.8463263226964566,5.520584548488707
3.8321662729271746,5.520584548488707
3.8837716090926575,5.520584548488707
3.899496124362109,5.639516522931198
3.89557827020322,5.639516522931198
3.853494501302611,5.639516522931198
3.8564012372543433,5.639516522931198
3.8754454080423497,5.639516522931198
3.8107407667678577,5.639516522931198
3.8169597612794908,5.639516522931198
3.8631815580877897,5.639516522931198
3.8613473694788416,5.639516522931198
3.8961606441621526,5.639516522931198
3.8959134241943976,5.639516522931198
3.8408186056040483,5.639516522931198
3.901602145682454,5.639516522931198
3.865030626565726,5.639516522931198
3.9041439193118483,5.639516522931198
3.865072604522265,5.639516522931198
3.902137349683808,5.639516522931198
3.877290068544812,5.639516522931198
3.9014207433897035,5.639516522931198
3.899926742214156,5.639516522931198
3.8931390328066655,5.639516522931198
3.9028583789943414,5.639516522931198
3.868403395593708,5.639516522931198
3.890866663546851,5.639516522931198
3.8548778833685566,5.639516522931198
3.879710062222838,5.639516522931198
3.8288150607397498,5.639516522931198
3.8218292311640396,5.639516522931198
3.834864633330713,5.639516522931198
3.84544419398832,5.639516522931198
3.8131776648549924,5.639516522931198
3.8320505370698332,5.639516522931198
3.869785517385386,5.639516522931198
3.826761478995818,5.639516522931198
3.843623046470929,5.708757989198492
3.8817880153041475,5.718122352904961
3.910513606495369,5.905622352904961
3.9040774162874827,5.905622352904961
3.9192400928957585,5.905622352904961
3.951361459506986,5.905622352904961
3.9515656108145287,5.905622352904961
3.97380420427928,5.905622352904961
3.9733724808577464,5.905622352904961
3.9832668336984067,5.905622352904961
3.940453122229157,5.905622352904961
3.9075301128136384,5.905622352904961
3.9112550843890634,5.905622352904961
3.9258564379476217,5.905622352904961
3.889427992057431,5.905622352904961
3.886361980082942,5.905622352904961
3.8541170065337376,5.905622352904961
3.8756405938290737,5.905622352904961
3.8791445974496823,5.905622352904961
3.909133338377912,5.905622352904961
3.9261405013686383,5.905622352904961
3.916624645191378,5.905622352904961
3.9122476049259154,5.905622352904961
3.9228980194815484,5.905622352904961
3.8633132356518605,5.905622352904961
3.899173059209743,5.905622352904961
3.9640336002668275,5.905622352904961
3.948052811648001,5.905622352904961
3.972188474387845,5.905622352904961
3.9651109365106487,5.905622352904961
3.961503193973081,5.905622352904961
3.958615631346339,5.905622352904961
3.98818757176702,5.905622352904961
3.969523794509629,5.905622352904961
3.969769207227912,5.905622352904961
3.9479181510768884,5.905622352904961
3.958992842352547,5.905622352904961
3.932636637769167,5.905622352904961
3.863120031102699,5.905622352904961
3.812198297685161,5.905622352904961
3.8598641924967074,5.905622352904961
3.8924509397605966,5.905622352904961
3.932809569797947,5.905622352904961
3.921928534554812,5.905622352904961
3.9670207174117196,5.905622352904961
3.93153203684144,5.905622352904961
3.990110461163386,5.905622352904961
4.024743176118638,5.905622352904961
4.0264844552102685,5.905622352904961
4.0186142559596965,5.905622352904961
3.989090067181284,5.905622352904961
3.9775060400214026,5.905622352904961
3.970567437182152,5.905622352904961
3.978395134819553,5.905622352904961
3.9028627602552106,5.905622352904961
3.8956322638775953,5.905622352904961
3.90907599019068,5.905622352904961
3.8332462549522606,5.905622352904961
3.904562045555487,5.905622352904961
3.94631706984259,5.905622352904961
3.9887754844326024,5.905622352904961
3.972826741871629,5.905622352904961
3.9656878384708976,5.905622352904961
3.9548353855346203,5.905622352904961
3.9363747109362013,5.911224270751625
3.897826787856184,5.911224270751625
3.8815648778444105,5.911224270751625
3.8270724150170645,5.911224270751625
3.825602185724626,5.911224270751625
3.8559195685836456,6.030955327781953
3.944817040596102,6.030955327781953
3.9980253841519735,6.030955327781953
4.0451218043475405,6.030955327781953
4.019785511814066,6.030955327781953
4.070461500935374,6.115326207111196
4.106426959083253,6.115326207111196
4.126164780823458,6.115326207111196
4.099887739628862,6.115326207111196
4.105908084650364,6.115326207111196
4.123627785371422,6.350346603287779
4.112800435288013,6.350346603287779
4.103589975558558,6.350346603287779
4.09966563227802,6.350346603287779
4.049843212208228,6.350346603287779
4.088406004474929,6.350346603287779
4.114557059781523,6.436720948582665
4.084763726262151,6.436720948582665
4.085228739367003,6.436720948582665
4.124938619290529,6.436720948582665
4.077970819059289,6.436720948582665
4.064828989466095,6.436720948582665
4.040621658467575,6.436720948582665
4.058055246669145,6.436720948582665
4.0530000734098826,6.436720948582665
4.065593222637984,6.436720948582665
4.078750464403842,6.436720948582665
4.07363454747023,6.436720948582665
4.099846027979105,6.436720948582665
4.082723374057303,6.436720948582665
4.075608794842806,6.436720948582665
4.046569051236272,6.436720948582665
4.038843034441133,6.436720948582665
4.010063301957083,6.436720948582665
4.0123276169128745,6.436720948582665
4.007134182089098,6.436720948582665
4.017801614545813,6.436720948582665
4.054568977386757,6.436720948582665
4.049191387379787,6.436720948582665
4.101560829738276,6.436720948582665
4.065804206263912,6.436720948582665
4.0624798232346455,6.436720948582665
4.070262417915624,6.436720948582665
4.107559557165942,6.436720948582665
4.126250847876833,6.436720948582665
4.119638487004364,6.436720948582665
4.107977883294927,6.436720948582665
4.079091890381136,6.436720948582665
4.084237967644165,6.436720948582665
4.116557023624585,6.436720948582665
4.109421682742838,6.436720948582665
4.113802050097966,6.436720948582665
4.045135439582375,6.436720948582665
4.053609001305664,6.436720948582665
3.9787235176141915,6.436720948582665
4.07006339428246,6.436720948582665
4.069503902283726,6.436720948582665
4.0632247548416185,6.436720948582665
4.03291395561378,6.436720948582665
4.01146703242728,6.436720948582665
4.072859089518578,6.436720948582665
4.037907266921611,6.436720948582665
4.022833544517157,6.436720948582665
4.036781117310502,6.436720948582665
3.9861835107853283,6.436720948582665
4.0174574335579845,6.436720948582665
3.97246708787261,6.436720948582665
3.997059469988736,6.436720948582665
4.013509121853884,6.436720948582665
4.008920719127826,6.436720948582665
4.007145110297413,6.436720948582665
4.078397778017874,6.436720948582665
4.129659907857939,6.436720948582665
4.1645083627802775,6.436720948582665
4.143516488483053,6.436720948582665
4.121012188636052,6.436720948582665
4.153070990664167,6.436720948582665
4.186436708654148,6.436720948582665
4.137586605723724,6.436720948582665
4.090510227569313,6.436720948582665
4.072944888588842,6.436720948582665
4.154952034200948,6.436720948582665
4.153081814977383,6.436720948582665
4.147717846113328,6.436720948582665
4.125198284770962,6.436720948582665
4.06533773777643,6.436720948582665
4.0861197141298895,6.436720948582665
4.082685784110319,6.436720948582665
4.077993528857095,6.436720948582665
4.142761668107454,6.436720948582665
4.10757748395116,6.436720948582665
4.129996747164026,6.436720948582665
4.1474244812420755,6.436720948582665
4.127509786010456,6.436720948582665
4.15995362246675,6.436720948582665
4.20885598275337,6.436720948582665
4.167610117281083,6.436720948582665
4.147479612338856,6.436720948582665
4.1859998284696935,6.436720948582665
4.185585500235393,6.436720948582665
4.175425706006541,6.436720948582665
4.182778640718051,6.436720948582665
4.225623625580869,6.436720948582665
4.197299823355487,6.436720948582665
4.211304029684123,6.436720948582665
4.2229067217900775,6.436720948582665
4.208841315049604,6.436720948582665
4.211729050951193,6.436720948582665
4.150428128062865,6.436720948582665
4.16238091183058,6.436720948582665
4.127956053736143,6.436720948582665
4.194785905109453,6.436720948582665
4.190526675531962,6.436720948582665
4.217963230757106,6.436720948582665
4.219481684660818,6.436720948582665
4.186902462423681,6.436720948582665
4.17501136551947,6.436720948582665
4.158196737704393,6.436720948582665
4.1806393357652825,6.436720948582665
4.162151267290677,6.436720948582665
4.13592501763184,6.436720948582665
4.127519452699351,6.436720948582665
4.137250850911343,6.436720948582665
4.156770937391837,6.436720948582665
4.121712461544271,6.436720948582665
4.109203401160708,6.436720948582665
4.148812399145102,6.436720948582665
4.139329161749693,6.436720948582665
4.113562160560982,6.436720948582665
4.137505109503736,6.436720948582665
4.1770495000654995,6.436720948582665
4.148097200917476,6.436720948582665
4.159390046544299,6.436720948582665
4.175486657478235,6.436720948582665
4.192448746183683,6.436720948582665
4.157941752907235,6.436720948582665
4.209798542282801,6.436720948582665
4.241954136623004,6.436720948582665
4.282618124435862,6.436720948582665
4.30759162905715,6.436720948582665
4.3052602735102665,6.436720948582665
4.2491481816777315,6.436720948582665
4.238456945579058,6.436720948582665
4.219838670418559,6.436720948582665
4.24794192682975,6.436720948582665
4.298084863483017,6.436720948582665
4.273200361775124,6.436720948582665
4.271058897517884,6.436720948582665
4.2389738260842265,6.436720948582665
4.243911284562599,6.436720948582665
4.275251301630303,6.436720948582665
4.248195904452091,6.436720948582665
4.222979384959755,6.436720948582665
4.222498348290981,6.436720948582665
4.215426257904548,6.436720948582665
4.226885106831435,6.436720948582665
4.15715039035371,6.436720948582665
4.169040899834495,6.436720948582665
4.197511395111602,6.436720948582665
4.170554630855735,6.436720948582665
4.180334457443533,6.436720948582665
4.145434000341366,6.436720948582665
4.150745643579422,6.436720948582665
4.17175396003248,6.436720948582665
4.198744650846049,6.436720948582665
4.230604489505173,6.436720948582665
4.2437218588947925,6.436720948582665
4.240922484861038,6.4574255063159
4.247286046435918,6.4574255063159
4.267813155323139,6.4574255063159
4.264647356151619,6.4574255063159
4.2857431839408395,6.4574255063159
4.24477325973504,6.4574255063159
4.214346414082053,6.4574255063159
4.2147069367323144,6.4574255063159
4.2119742428210625,6.4574255063159
4.178627627926492,6.4574255063159
4.204034935712253,6.4574255063159
4.172569507087584,6.4574255063159
4.157735231996933,6.4574255063159
4.154276881664123,6.4574255063159
4.09364437247959,6.4574255063159
4.039104615503376,6.4574255063159
4.021727324055654,6.4574255063159
4.071563948686034,6.4574255063159
4.060715501957339,6.4574255063159
4.018091467982999,6.4574255063159
4.0202769255071145,6.4574255063159
4.051174552023377,6.4574255063159
4.016721162123614,6.4574255063159
4.036532984920811,6.4574255063159
4.022423639919543,6.4574255063159
4.06698166787286,6.4574255063159
4.075609551833222,6.4574255063159
4.079880056797348,6.4574255063159
4.089372907034929,6.4574255063159
4.103910140960885,6.4574255063159
4.107901176833159,6.4574255063159
4.105735132961517,6.55520925115048
4.081141888896022,6.55520925115048
4.114837213978057,6.55520925115048
4.116327761711584,6.55520925115048
4.152816112677938,6.55520925115048
4.198610944989438,6.55520925115048
4.213608564262435,6.55520925115048


Best individual:
1, 1, 167, 230, 169, 226, 273, 30, 211, 252, 33, 218, 181, 264, 75, 184, 117, 258, 256, 23, 278, 55, 267, 56, 116, 88, 63, 92, 215, 98, 196, 69, 191, 141, 65, 232, 196, 185, 168, 44, 180, 257, 18, 288, 227, 93, 51, 142, 16, 174, 296, 175, 123, 238, 190, 113, 200, 213, 127, 11, 94, 262, 49, 205, 252, 149, 115, 132, 79, 140, 163, 80, 227, 279, 34, 32, 273, 179, 201, 280, 95, 28, 71, 36, 160, 80, 127, 146, 147, 111, 268, 141, 236, 224, 30, 2, 2, 284, 66, 163, 265, 176, 59, 279, 81, 120, 141, 230, 238, 15, 246, 127, 38, 218, 85, 64, 31, 111, 256, 4, 76, 144, 162, 38, 97, 97, 105, 74, 233, 168, 273, 191, 24, 1, 145, 263, 145, 242, 67, 203, 270, 219, 125, 75, 161, 203, 148, 105, 252, 283, 87, 270, 113, 45, 201, 250, 46, 200, 37, 103, 232, 81, 221, 204, 207, 39, 284, 161, 204, 29, 211, 207, 224, 178, 243, 63, 239, 47, 196, 278, 248, 196, 158, 189, 204, 63, 104, 194, 286, 118, 188, 43, 267, 134, 51, 231, 51, 56, 175, 286, 169, 163, 143, 113, 19, 57, 234, 234, 250, 119, 270, 296, 31, 31, 129, 31, 128, 128, 280, 22, 127, 105, 81, 59, 114, 232, 30, 178, 32, 165, 25, 251, 133, 297, 297, 199, 10, 263, 30, 117, 118, 173, 212, 165, 48, 48, 272, 152, 152, 225, 138, 142, 64, 98, 218, 252, 219, 6, 173, 223, 223, 281, 267, 274, 126, 51, 193, 277, 98, 249, 196, 190, 253, 35, 34, 299, 4, 248, 258, 230, 156, 156, 129, 206, 44, 33, 111, 64, 195, 195, 288, 200, 167, 264, 35, 34, 224, 289, 146, 

Execution time: 9612.616180181503 seconds